0,550
0,549
0,548
122,53
122,52
122,51
122,50
122,49
122,48
122,47
122,46
122,45
122,44
122,43
122,42
122,41
122,40
122,39
122,38
122,37
122,36
122,35
3,2
3,1
3,3
10,223
10,123
10,209
10,295
10,225
10,99
10,97
10,2
10,3
11,14
11,21
11,9
11,13
9,5
8,13
8,5
8,9
8,12
8,16
8,10
8,2
8,3
118,5
118,4
118,3
118,2
118,1
118,0
115,5
115,4
115,3
115,2
115,1
115,0
112,3
112,2
112,1
112,0
111,4
111,3
111,2
111,1
111,0
110,3
110,2
110,1
110,0
42,4
42,3
42,1
27,3
27,1
25,3
25,1
20,3
20,2
20,1
19,3
19,2
19,1
18,1
12,3
12,2
18,3
12,1
11,30
11,29
11,28
11,26
14,1
11,24
14,3
13,1
11,23
11,19
13,3
11,18
11,17
11,15
11,12
11,11
11,8
11,7
11,5
11,4
11,3
11,2
11,1
10,315
10,311
10,301
10,300
10,298
10,296
10,293
10,281
